File	Label	Start(s)	Duration(ms)	Mean(dB)	StDev(dB)	t_0%(s)	t_11.11%(s)	t_22.22%(s)	t_33.33%(s)	t_44.44%(s)	t_55.56%(s)	t_66.67%(s)	t_77.78%(s)	t_88.89%(s)	t_100.00%(s)	i_0%(dB)	i_11.11%(dB)	i_22.22%(dB)	i_33.33%(dB)	i_44.44%(dB)	i_55.56%(dB)	i_66.67%(dB)	i_77.78%(dB)	i_88.89%(dB)	i_100.00%(dB)	z_0%(z)	z_11.11%(z)	z_22.22%(z)	z_33.33%(z)	z_44.44%(z)	z_55.56%(z)	z_66.67%(z)	z_77.78%(z)	z_88.89%(z)	z_100.00%(z)
g071a000	a	1.1676	60.3	74.38	0.51	1.1676	1.1743	1.1810	1.1877	1.1944	1.2011	1.2078	1.2145	1.2212	1.2279	73.83	74.29	74.55	74.69	74.78	74.81	74.72	74.39	73.78	72.88	-1.09	-0.17	0.33	0.60	0.78	0.86	0.66	0.02	-1.18	-2.94
g071a000	a	1.5871	53.9	73.06	0.57	1.5871	1.5931	1.5990	1.6050	1.6110	1.6170	1.6230	1.6290	1.6350	1.6410	71.24	72.49	73.31	73.73	73.81	73.63	73.29	72.90	72.56	72.34	-3.19	-1.00	0.43	1.17	1.31	1.00	0.40	-0.28	-0.87	-1.27
g071a000	a	1.9855	28.8	68.26	0.70	1.9855	1.9887	1.9919	1.9951	1.9983	2.0015	2.0047	2.0079	2.0111	2.0143	66.83	67.38	67.84	68.20	68.46	68.63	68.73	68.75	68.72	68.63	-2.04	-1.25	-0.60	-0.09	0.28	0.53	0.66	0.70	0.65	0.53
g071a000	a:	2.1306	88.6	72.98	0.59	2.1306	2.1405	2.1503	2.1602	2.1700	2.1799	2.1897	2.1996	2.2094	2.2192	71.72	72.46	72.91	73.24	73.56	73.74	73.53	72.95	72.45	72.15	-2.14	-0.89	-0.13	0.44	0.98	1.28	0.92	-0.06	-0.90	-1.40
g071a000	a	2.2194	111.7	70.04	2.28	2.2194	2.2318	2.2443	2.2567	2.2691	2.2815	2.2939	2.3063	2.3187	2.3311	72.15	70.94	68.02	65.80	67.57	70.01	71.63	72.29	72.12	71.77	0.92	0.39	-0.88	-1.86	-1.08	-0.01	0.70	0.99	0.91	0.76
g071a000	a:	2.9907	57.9	72.81	1.47	2.9907	2.9972	3.0036	3.0101	3.0165	3.0229	3.0294	3.0358	3.0423	3.0487	72.82	73.51	73.97	74.14	74.01	73.58	72.87	71.84	70.50	68.82	0.002	0.47	0.78	0.90	0.81	0.52	0.04	-0.66	-1.57	-2.71
g071a000	a:	3.1648	120.4	75.19	1.77	3.1648	3.1782	3.1916	3.2050	3.2183	3.2317	3.2451	3.2585	3.2719	3.2852	70.21	73.15	74.87	75.81	76.42	76.88	76.96	76.29	74.66	72.26	-2.81	-1.16	-0.18	0.35	0.70	0.95	1.00	0.62	-0.30	-1.66
g071a000	a	3.5518	63.0	72.41	1.69	3.5518	3.5588	3.5658	3.5728	3.5798	3.5868	3.5938	3.6008	3.6078	3.6148	71.56	72.96	73.77	74.08	73.95	73.43	72.53	71.27	69.72	68.05	-0.50	0.33	0.81	0.99	0.91	0.60	0.07	-0.67	-1.59	-2.58
g071a000	a	5.4999	91.3	72.86	0.76	5.4999	5.5101	5.5202	5.5304	5.5405	5.5507	5.5608	5.5710	5.5811	5.5913	70.90	71.87	72.43	72.84	73.24	73.56	73.68	73.51	72.99	72.05	-2.56	-1.30	-0.56	-0.02	0.49	0.91	1.08	0.85	0.16	-1.06
g071a000	a	5.9880	77.4	74.12	1.20	5.9880	5.9966	6.0052	6.0138	6.0224	6.0310	6.0396	6.0482	6.0568	6.0654	70.57	72.38	73.80	74.74	75.24	75.35	75.14	74.64	73.87	72.98	-2.95	-1.45	-0.27	0.52	0.93	1.02	0.85	0.43	-0.21	-0.95
g071a000	a	8.6796	37.6	69.62	1.16	8.6796	8.6838	8.6880	8.6922	8.6963	8.7005	8.7047	8.7089	8.7131	8.7172	69.49	70.08	70.44	70.57	70.48	70.17	69.66	68.95	68.05	66.98	-0.11	0.39	0.70	0.82	0.74	0.48	0.03	-0.58	-1.35	-2.27
g071a000	a	9.9878	40.3	68.12	1.13	9.9878	9.9922	9.9967	10.0012	10.0057	10.0101	10.0146	10.0191	10.0236	10.0281	68.71	68.95	69.05	69.00	68.79	68.43	67.92	67.28	66.51	65.61	0.52	0.74	0.83	0.78	0.60	0.28	-0.17	-0.74	-1.43	-2.22
g071a000	a	11.2807	58.6	78.72	1.50	11.2807	11.2873	11.2938	11.3003	11.3068	11.3133	11.3198	11.3263	11.3328	11.3393	75.08	76.99	78.42	79.40	79.96	80.11	79.86	79.24	78.31	77.21	-2.44	-1.16	-0.20	0.45	0.82	0.92	0.76	0.34	-0.28	-1.02
g071a000	a:	11.8776	61.4	72.70	1.39	11.8776	11.8844	11.8912	11.8980	11.9048	11.9117	11.9185	11.9253	11.9321	11.9389	71.06	72.40	73.36	73.94	74.14	73.95	73.35	72.31	70.81	68.82	-1.18	-0.22	0.47	0.89	1.03	0.89	0.46	-0.28	-1.36	-2.78
g071a000	a:	12.1334	48.6	71.78	0.42	12.1334	12.1388	12.1442	12.1496	12.1550	12.1604	12.1657	12.1711	12.1765	12.1819	71.25	71.59	71.88	72.08	72.17	72.15	72.01	71.74	71.35	70.80	-1.26	-0.45	0.23	0.71	0.94	0.88	0.55	-0.08	-1.03	-2.32
g093a010	a:	1.0014	129.2	79.53	1.58	1.0014	1.0157	1.0301	1.0444	1.0588	1.0731	1.0875	1.1019	1.1162	1.1306	76.77	79.69	80.60	80.49	80.45	80.61	80.44	79.53	77.69	74.75	-1.74	0.10	0.67	0.60	0.58	0.68	0.57	0.00006	-1.17	-3.02
g093a010	a	1.5299	46.6	77.19	1.56	1.5299	1.5350	1.5402	1.5454	1.5506	1.5557	1.5609	1.5661	1.5713	1.5764	76.51	77.60	78.31	78.62	78.54	78.10	77.31	76.23	74.93	73.55	-0.43	0.27	0.72	0.91	0.87	0.58	0.08	-0.61	-1.44	-2.33
g093a010	a	2.9943	54.7	72.65	1.08	2.9943	3.0003	3.0064	3.0125	3.0186	3.0246	3.0307	3.0368	3.0429	3.0489	70.29	71.74	72.80	73.48	73.79	73.73	73.33	72.63	71.72	70.75	-2.17	-0.84	0.15	0.77	1.05	1.00	0.63	-0.02	-0.85	-1.75
g093a010	a	3.7040	54.7	76.03	1.31	3.7040	3.7101	3.7162	3.7222	3.7283	3.7344	3.7405	3.7465	3.7526	3.7587	76.88	77.16	77.28	77.19	76.88	76.35	75.64	74.80	73.92	73.14	0.65	0.87	0.96	0.89	0.65	0.24	-0.30	-0.94	-1.61	-2.21
g093a010	a:	5.6338	105.2	75.60	0.86	5.6338	5.6455	5.6572	5.6689	5.6806	5.6922	5.7039	5.7156	5.7273	5.7390	73.41	75.13	76.06	76.34	76.30	76.19	76.12	75.86	74.92	72.89	-2.54	-0.54	0.53	0.86	0.81	0.68	0.61	0.31	-0.79	-3.14
g093a010	a	5.8734	27.9	71.84	0.15	5.8734	5.8765	5.8796	5.8827	5.8858	5.8889	5.8920	5.8951	5.8982	5.9013	71.94	71.97	71.98	71.96	71.92	71.86	71.79	71.72	71.65	71.59	0.63	0.86	0.91	0.78	0.50	0.10	-0.35	-0.84	-1.30	-1.74
g093a010	a	6.3917	65.9	74.96	0.70	6.3917	6.3990	6.4063	6.4136	6.4210	6.4283	6.4356	6.4429	6.4502	6.4576	73.36	74.40	75.11	75.52	75.69	75.67	75.46	75.01	74.29	73.36	-2.29	-0.80	0.22	0.81	1.06	1.03	0.72	0.07	-0.95	-2.30
g093a010	a:	6.5646	81.5	75.89	1.51	6.5646	6.5736	6.5827	6.5917	6.6008	6.6098	6.6189	6.6280	6.6370	6.6461	75.42	76.45	77.01	77.12	76.93	76.59	76.10	75.28	73.85	71.54	-0.31	0.37	0.74	0.81	0.69	0.46	0.13	-0.41	-1.35	-2.89
g093a010	a:	6.6933	113.1	75.96	1.74	6.6933	6.7059	6.7185	6.7310	6.7436	6.7562	6.7687	6.7813	6.7939	6.8064	72.30	74.84	76.33	77.18	77.54	77.50	77.14	76.30	74.54	71.23	-2.10	-0.64	0.21	0.70	0.91	0.88	0.67	0.19	-0.82	-2.72
g093a010	a	6.8489	50.4	67.78	0.66	6.8489	6.8545	6.8601	6.8657	6.8713	6.8769	6.8825	6.8881	6.8937	6.8993	66.82	67.69	68.25	68.52	68.53	68.30	67.87	67.34	66.84	66.55	-1.47	-0.14	0.72	1.13	1.13	0.78	0.14	-0.68	-1.44	-1.89
g093a010	a:	8.1190	168.8	69.71	0.91	8.1190	8.1378	8.1565	8.1753	8.1940	8.2128	8.2315	8.2503	8.2691	8.2878	69.24	70.12	70.19	70.19	70.10	70.20	70.31	69.78	68.43	66.31	-0.52	0.45	0.52	0.52	0.42	0.53	0.65	0.08	-1.41	-3.73
g093a010	a	8.5002	42.7	68.01	0.72	8.5002	8.5049	8.5097	8.5144	8.5192	8.5239	8.5286	8.5334	8.5381	8.5429	67.18	68.02	68.55	68.79	68.76	68.50	68.05	67.50	66.98	66.64	-1.15	0.02	0.76	1.09	1.05	0.68	0.06	-0.70	-1.43	-1.90
g093a010	a:	9.0109	99.9	74.11	2.40	9.0109	9.0220	9.0331	9.0442	9.0553	9.0664	9.0775	9.0886	9.0997	9.1108	72.23	74.29	75.41	75.97	76.10	75.77	74.90	73.35	70.92	67.44	-0.79	0.07	0.54	0.78	0.83	0.69	0.33	-0.32	-1.33	-2.78
g093a010	a	9.3929	56.4	69.60	1.51	9.3929	9.3992	9.4055	9.4118	9.4180	9.4243	9.4306	9.4368	9.4431	9.4494	66.72	67.46	68.20	68.91	69.57	70.17	70.68	71.05	71.28	71.32	-1.91	-1.41	-0.93	-0.46	-0.02	0.38	0.72	0.97	1.11	1.14
g093a010	a	10.3088	47.7	78.08	0.73	10.3088	10.3141	10.3194	10.3247	10.3300	10.3353	10.3406	10.3459	10.3512	10.3565	76.54	77.54	78.24	78.66	78.82	78.76	78.49	78.04	77.46	76.80	-2.10	-0.73	0.22	0.79	1.02	0.93	0.56	-0.05	-0.84	-1.74
g093a010	a	10.4454	49.1	75.52	1.26	10.4454	10.4509	10.4563	10.4618	10.4672	10.4727	10.4781	10.4836	10.4890	10.4945	75.67	76.27	76.64	76.74	76.56	76.10	75.38	74.45	73.41	72.42	0.12	0.60	0.90	0.98	0.83	0.47	-0.11	-0.85	-1.68	-2.46
g093a010	a	11.3549	73.1	78.71	1.64	11.3549	11.3631	11.3712	11.3793	11.3874	11.3956	11.4037	11.4118	11.4199	11.4281	74.80	76.83	78.32	79.37	80.04	80.29	80.08	79.36	78.16	76.62	-2.39	-1.15	-0.24	0.40	0.81	0.97	0.84	0.40	-0.33	-1.27
g093a010	a	12.7644	123.6	66.36	3.11	12.7644	12.7782	12.7919	12.8056	12.8194	12.8331	12.8468	12.8605	12.8743	12.8880	69.68	67.11	63.59	61.07	62.70	65.88	68.61	69.72	69.42	68.89	1.07	0.24	-0.89	-1.70	-1.18	-0.16	0.72	1.08	0.98	0.82
g093a010	a	13.0457	45.4	72.47	0.70	13.0457	13.0508	13.0558	13.0609	13.0659	13.0710	13.0760	13.0810	13.0861	13.0911	70.13	71.32	72.20	72.81	73.15	73.26	73.17	72.89	72.45	71.88	-3.37	-1.66	-0.39	0.48	0.97	1.13	1.00	0.60	-0.03	-0.85

Script: Intensity_6_0_0.praat
Analysis started: 12-Nov-20 17:01:09
Tier: 4
Labels: a,a:
Step rate: 0.005 s
Low F0: 50 Hz
Computation units: dB
Minimal length: 0 ms
